97107287533902102798797998220837590246510135740250
96376937677490009712648124896970078050417018260538
94324986199524741059474233309513058123726617309629
91942213363574161572522430563301811072406154908250
93067588207539346171171980310421047513778063246676
29261670696623633820136378418383684178734361726757
28112879812849979408065481931592621691275889832738
24274228917432520321923589422876796487670272189318
27451445736001306439091167216856844588711603153276
50386486105843025439939619828917593665686757934951
67176457141856560629502157223196586755079324193331
64906302462741904929101432445813822663347944758178
92575807718337217661963751590579239728245598838407
58203505325359399008402633568948830189458628227828
80181109384826282014278194139940567587151170094390
35398604372827112653829987240784473053190104293586
86515506006295864861532075273371959191420517255829
71693808707715466499115593487603532921714970056938
14371000526826684624621495650076471787294438377604
13281600128756828443191190634694037855217779295145
16121200525000296071075082563815656710885258350721
15871500122410976447339110607218265236877223636045
17421700925851860660448207621209813287860733969412
11141660428086830619328460811191061556940512689692
11931320421728388641918047049293215058642563049483
12461220628435076201727918039944693004732956340691
15731440326908125794514089057706229429197107928209
15031680525678773091862540744969844508330393682126
18331380825330154686196124348767681297534375946515
10381280522878490201521685554828717201219257766954
18181830727993103614740356856449095527097864797581
16721320120436897842553539920931837441497806860984
18401090129077791799088218795327364475675590848030
17081980521392711854517078544161852424320693150332
19951400825756536782107074926966537676326235447210
19791950029652694742597709739166693763042633987085
11051680028299085211399427365734116182760315001271
15371600021501080857009149939512557028198746004375
15821030027434717326932123578154982629742552737307
14951750025105305946966067683156574377167401875275
18901800021733229619176668713819931811048770190271
15261680026078003013678680992525463401061632866526
16271210020497705585629946580636237993140746255962
14071480028231174977792365466257246923322810917141
11431280027103288597806669760892938638285025333403
14411060028016127815921815005561868836468420090470
13051080022816430487623791969842487255036638784583
11481690922154902810424020138335124462181441773470
13781290420636259666498587618221225225512486764533
17721180921698544312419572409913959008952310058822
15541250320263520781532296796249481641953868218774
16081320122285723110424803456124867697064507995236
17771240525411291684276865538926205024910326572967
13701910225725675285653248258265463092207058596522
19791860222258331913126375147341994889534765745501
18491700424879288984856827726077713721403798879715
18291200723031473527721580348144513491373226651381
14821540829199918180278916522431027392251122869539
10951950026405232632538044100059654939159879593635
19741150125502371307642255121183693803580388584903
11691110222072977186158236678424689157993532961922
12461950124401269043877107275048102390895523597457
13181700722547915061505504953922979530901129967519
16181080225875314529584099251203829009407770775672
11301730728304724483816533873502340845647058077308
12951170727140363198008187129011875491310547126581
17621330024818386269515456334926366572897563400500
12841280123517070527831839425882145521227251250327
15121600526981200581762165212827652751691296897789
12231190724329339946437501907836945765883352399886
15501160925184775180738168837861091527357929701337
12171840722192623401942399639168044983993173312731
12921180727147349566916674687634660915035914677504
19511670420235219628894890102423325116913619626622
13261460820591547471830798392868535206946944540724
16841820524674417161514036427982273348055556214818
17141610920342598647204516893989422179826088076852
87783646182799346313767754307809363333018982642090
90848802521674670883215120185883543223812876952786
71329612474782464538636993009049310363619763878039
62184073572399794223106235393808339651327408011116
66627891981488087797941876876144230030984490851411
60661826293682836764744779239180335110989069790714
85786944089552990653640447425576083659976645795098
66024396409905389607120198269976047599490197230297
64913982680032973156037120041377903785566085089252
16730939319872750275468906903707539413042652315011
94809377245048795150954100921645863754710598436791
78639167021187492431995700641917969777599028300699
15368713711936614952811305876380278410754449733078
40789923115535562561142322423255033685442488917353
44889911501440648020369068063960672322193204149535
41503128880339536053299340368006977710650566631954
81234880673210146739058568557934581403627822703289
82616570773948327592232845941706525094512325230608
22918802050777319719839450180888072429661980811197
77158542502016545090413245809786882778948721859617
72107838435069186155435662884062257473692284509516
20849603980134001723930671666823555245252804609722
53503534226472524250874054075591789781264330331690
